#	id	file_path	transparent_color_r	g	b
[TEXTURES]
5	resource\textures\title.png	230	130	155

[ANIMATION_SETS]
# === MARIO ===
0	1	101	1	102	2	201	4	202	5	203	6	204	7	205	9	206	10	300	17	301	18	302	12	303	13	306	25	307	26	308	28	309	29	308	31	309	32	207	47	208	48	501	53	502	54	503	50	504	51	505	55	506	56	515	57	516	58	599	52	103	59
0	2	111	1	112	2	211	4	212	5	213	6	214	7	215	9	216	10	310	17	311	18	312	12	313	13	314	20	315	21	316	25	317	26	318	28	319	29	318	31	319	32	217	47	218	48	511	53	512	54	513	50	514	51	515	57	516	58	505	55	506	56	113	59
0	3	121	1	122	2	221	4	222	5	223	6	224	7	225	9	226	10	320	17	321	18	322	12	323	13	324	20	325	21	326	25	327	26	328	28	329	29	421	23	422	24	423	31	424	32	425	34	426	35	427	37	428	38	227	47	228	48	521	53	522	54	523	50	524	51	123	59
0	4	131	1	132	2	231	4	232	5	233	6	234	7	235	9	236	10	330	17	331	18	332	12	333	13	334	20	335	21	336	25	337	26	338	28	339	29	338	31	339	32	431	41	432	42	433	44	434	45	237	47	238	48	531	53	532	54	533	50	534	51	133	59
# === BLOCK ===
# nor 
4	14	804	0
# question
4	12	805	0	806	1
# breakable
4	13	807	0	806	1
# cloud
4	15	808	0
# btn
4	30	809	0	819	1
# === ITEM ===
# leaf
3	29	803	2	813	3
# coin
3	26	801	0	811	1
# mushRoom
3	27	802	0
3	28	812	0


# == weapon ===
2	8	537	2	538	3	539	4
# === GOOMBA ===
1	20	901	5	901	6	902	7	903	8
1	21	911	5	911	6	912	7	913	8	914	9	914	10
# === KOOMBA ===
1	17	10001	5	10101	6	10200	7	10201	8	10202	11	10203	12	10300	13	10301	14
1	18	11001	5	11002	6	11200	7	11201	8	11202	11	11203	12	11300	13	11301	14	11101	9	11102	10
# === PLANT ===
1	23	13101	16	13102	17	13201	18	13202	19	539	7	539	8
1	24	12101	16	12102	17	12201	18	12202	19	539	7	539	8
1	22	12000	15	539	7	539	8

#id	link	sizecell	paddingleft	paddingTop	R	G	B(background)
[MAPS]
1	resource\data\World1\world1-scene1_map.txt	528	0	0	156	252	240

[OBJECTS]
# tag	x	y	type	extra_settings per object type
# MARIO
<<<<<<< Updated upstream
0	90	385	1
# GROUND
4	0	432	11	656	16
4	-16	300	11	16	400
4	656	416	11	496	32
4	1216	432	11	368	16
4	1616	432	11	80	16
4	1744	432	11	560	16
4	2352	432	11	576	16
# DRAIN
4	368	384	11	32	48
4	1872	400	11	32	32
4	1936	384	11	32	48
4	2352	384	11	32	48
4	2352	112	11	32	224
4	2416	400	11	32	32
# groud-hide
4	2160	480	11	16	192
4	2160	656	11	160	16
4	2320	640	11	32	32
4	2336	624	11	32	32
4	2352	608	11	32	32
4	2368	592	11	32	32
4	2384	576	11	32	32
4	2400	560	11	64	32
4	2448	480	11	16	96
4	2192	480	11	240	16
#cloud
4	1488	192	9	64	16
4	1568	176	9	208	16
# BRICK_NOR
#group 1
4	1584	352	11	32	16
#group 2
4	1648	416	11	16	16
4	1664	400	11	16	32
4	1680	384	11	16	48
#group 3
4	1776	416	11	16	16
4	1760	400	11	16	32
4	1744	384	11	16	48

# BRICK QUESTION
#group	1
4	192	368	5	12	26	1
4	208	368	5	12	26	1
#group	2
4	240	320	5	12	26	1
4	256	320	5	12	27	1

4	432	336	5	12	26	1
#group	3
4	688	400	5	12	29	1
4	736	368	5	12	26	1
#group	4
4	1552	384	5	12	29	1
# BRICK BREAKABLE
#group 1
4	1520	128	5	13	28	1
#group 2
4	2032	416	5	13	26	1
4	2048	416	5	13	26	1
4	2064	416	5	13	26	1
4	2080	416	5	13	26	1
4	2096	416	5	13	26	1
4	2112	416	5	13	26	1
4	2128	416	5	13	26	1
4	2048	400	5	13	26	1
4	2064	400	5	13	26	1
4	2080	400	5	13	26	1
4	2096	400	5	13	26	1
4	2112	400	5	13	26	1
4	2064	384	5	13	26	1
4	2080	384	5	13	26	1
4	2096	384	5	13	26	1
4	2112	384	5	13	30	1
#group 3
4	2176	416	5	13	26	1
4	2192	416	5	13	26	1
4	2176	400	5	13	26	1

# BOX_GROUND
# group 1
4	256	384	9	48	48
4	288	352	9	48	80
#group 2
4	416	384	9	80	48
4	480	352	9	64	80
4	528	320	9	64	112
4	544	400	9	96	32
#group 3
4	1328	400	9	112	32
4	1360	368	9	112	64
4	1392	336	9	112	96
4	1376	144	9	64	48
#group 4
4	2224	384	9	48	48
4	2256	288	9	48	144

# === GOOMBA ===
1	256	400	20
1	560	400	20
1	960	384	20
1	1040	384	20
1	1088	384	21

# === KOOMBA ===
1	544	368	17
1	1536	400	17
1	1376	368	18
1	1408	336	18
1	1440	304	18
1	2176	368	17
# === PLANT ===
1	368	384	23
1	1936	384	24
1	1872	400	22
#=== trigger ===
#id	x	y	type	4-idPort	5-width	6-height	7-typeIn	8-posX	9-posY	10-leftScene	11-topScene	12-righttScene	13-botScene
5	2352	80	33	1	32	32	2	2176	464	2048	480	2560	480
5	2416	480	33	2	32	32	-2	2416	368	0	0	2912	256

#5	50	400	34	0	16	32
# === card ===
4	2800	336	5	37	0	1
# coin
3	1136	352	26
3	1168	320	26
3	1200	288	26
3	1232	256	26
3	1264	224	26
3	1392	80	26
3	1408	80	26
3	1424	80	26
3	1552	112	26
3	1568	112	26
3	1616	128	26
3	1632	128	26
3	1648	128	26
3	1680	112	26
3	1696	112	26
3	1712	112	26
3	1728	112	26
3	1792	144	26
3	1824	128	26
3	1904	112	26
3	1920	144	26
3	2272	512	26
3	2288	512	26
3	2256	528	26
3	2304	528	26
3	2304	544	26
3	2272	560	26
3	2288	560	26
3	2304	576	26
3	2256	592	26
3	2304	592	26
3	2272	608	26
3	2288	38	26
[SETTINGS]
cam	0	0	2944	256	0
time	300
=======
0	270	1155	1
4	0	1296	11	1968	48
4	-48	900	11	48	1200
4	1968	1248	11	1488	96
4	3648	1296	11	1104	48
4	4848	1296	11	240	48
4	5232	1296	11	1680	48
4	7056	1296	11	1728	48
4	1104	1152	11	96	144
4	5616	1200	11	96	96
4	5808	1152	11	96	144
4	7056	1152	11	96	144
4	7056	336	11	96	672
4	7248	1200	11	96	96
4	6480	1440	11	48	576
4	6480	1968	11	480	48
4	6960	1920	11	96	96
4	7008	1872	11	96	96
4	7056	1824	11	96	96
4	7104	1776	11	96	96
4	7152	1728	11	96	96
4	7200	1680	11	192	96
4	7344	1440	11	48	288
4	6576	1440	11	720	48
4	4464	576	9	192	48
4	4704	528	9	624	48
4	4752	1056	11	96	48
4	4944	1248	11	48	48
4	4992	1200	11	48	96
4	5040	1152	11	48	144
4	5328	1248	11	48	48
4	5280	1200	11	48	96
4	5232	1152	11	48	144
4	576	1104	5	12	26	1
4	624	1104	5	12	26	1
4	720	960	5	12	26	1
4	768	960	5	12	27	1
4	1296	1008	5	12	26	1
4	2064	1200	5	12	29	1
4	2208	1104	5	12	26	1
4	4656	1152	5	12	29	1
4	4560	384	5	13	28	1
4	6096	1248	5	13	26	1
4	6144	1248	5	13	26	1
4	6192	1248	5	13	26	1
4	6240	1248	5	13	26	1
4	6288	1248	5	13	26	1
4	6336	1248	5	13	26	1
4	6384	1248	5	13	26	1
4	6144	1200	5	13	26	1
4	6192	1200	5	13	26	1
4	6240	1200	5	13	26	1
4	6288	1200	5	13	26	1
4	6336	1200	5	13	26	1
4	6192	1152	5	13	26	1
4	6240	1152	5	13	26	1
4	6288	1152	5	13	26	1
4	6336	1152	5	13	30	1
4	6528	1248	5	13	26	1
4	6576	1248	5	13	26	1
4	6528	1200	5	13	26	1
4	768	1152	9	144	144
4	864	1056	9	144	240
4	1248	1152	9	240	144
4	1440	1056	9	192	240
4	1584	960	9	192	336
4	1632	1200	9	288	96
4	3984	1200	9	336	96
4	4080	1104	9	336	192
4	4176	1008	9	336	288
4	4128	432	9	192	144
4	6672	1152	9	144	144
4	6768	864	9	144	432
1	768	1200	20
1	1680	1200	20
1	2880	1152	20
1	3120	1152	20
1	3264	1152	21
1	1632	1104	17
1	4608	1200	17
1	4176	1104	18
1	4224	1008	18
1	4320	912	18
1	6528	1104	17
1	1104	1152	23
1	5808	1152	24
1	5616	1200	22
5	7056	240	33	1	96	96	2	6528	1392	6144	1440	7680	1440
5	7248	1440	33	2	96	96	-2	7248	1104	0	0	8736	768
4	8400	1008	5	37	0	1
3	3408	1056	26
3	3504	960	26
3	3600	864	26
3	3696	768	26
3	3792	672	26
3	4176	240	26
3	4224	240	26
3	4272	240	26
3	4656	336	26
3	4704	336	26
3	4848	384	26
3	4896	384	26
3	4944	384	26
3	5040	336	26
3	5088	336	26
3	5136	336	26
3	5184	336	26
3	5376	432	26
3	5472	384	26
3	5712	336	26
3	5760	432	26
3	6816	1536	26
3	6864	1536	26
3	6768	1584	26
3	6912	1584	26
3	6912	1632	26
3	6816	1680	26
3	6864	1680	26
3	6912	1728	26
3	6768	1776	26
3	6912	1776	26
3	6816	1824	26
3	6864	114	26
[SETTINGS]
cam	0	0	8832	768	0
time	300
scene	2
>>>>>>> Stashed changes
