#	id	file_path	transparent_color_r	g	b
[TEXTURES]
1	resource\textures\mario.png	255	255	255
4	resource\textures\enemies.png	68	145	190
3	resource\textures\items-objects.png	64	128	0
2	resource\textures\enemy.png	68	145	190
5	resource\textures\WorldMap1Title.png	0	0	255
6	resource\textures\tiles-3.png	255	127	127
7	resource\textures\Hub.png	255	255	255
-100	resource\textures\bbox.png	255	255	255

#	id	left	top	right	bottom	texture_id
[SPRITES]
# === World Map === 
# -- small --
101	15	8	30	25	1
201	15	48	30	65	1
# -- big ---
102	54	5	72	27	1
202	54	45	27	67	1
# -- raccoon --
103	94	4	111	29	1
203	994	44	111	69	1
# === SMALL MARIO ===
# idle right
401	216	88	229	105	1
411	176	88	189	105	1
# walk
402	255	88	271	105	1
412	134	88	150	105	1
# jump
403	334	88	351	105	1
413	54	88	71	105	1
# last walk
501	215	128	230	145	1
511	175	128	190	145	1
#kick
502	254	128	271	145	1
512	134	128	151	145	1
# run
601	214	168	231	185	1
602	254	168	271	185	1
611	174	168	191	185	1
612	134	168	151	185	1
# pick
603	335	168	350	185	1
604	375	168	391	185	1
613	55	168	70	185	1
614	14	168	30	185	1
# run fly
701	214	208	231	225	1
711	174	208	191	225	1
# die
705	374	208	391	225	1
715	14	208	31	225	1


# ==== BIG MARIO ====
# idle right
801	215	242	230	270	1
811	175	242	190	270	1
# walk
802	254	242	271	270	1
803	294	243	311	270	1
812	134	242	151	270	1
813	94	243	111	270	1
# jump
804	334	243	351	270	1
814	55	243	71	270	1
# sit
805	375	243	391	270	1
815	15	243	30	270	1
# last walk
901	214	282	231	311	1
911	174	282	191	311	1
# kick
902	251	282	274	311	1
912	132	282	152	311	1
# run
10001	212	322	232	350	1
10002	252	322	272	350	1
10003	292	322	312	350	1
10101	171	322	193	350	1
10102	133	322	153	350	1
10103	93	322	113	350	1
# pick
10004	330	322	345	350	1
10005	355	322	371	350	1
10006	380	322	396	350	1
10104	60	322	75	350	1
10105	34	322	50	350	1
10106	9	322	25	350	1
# run fly
11003	332	363	352	390	1
11103	53	363	73	390	1
11901	217	363	233	390	1
11902	174	363	189	390	1
# ==== MARIO RACCOON ====
# idle
13001	211	442	233	471	1
13101	184	442	206	471	1
# walk
13003	285	442	308	471	1
13004	313	442	337	471	1
13103	101	442	124	471	1
13104	69	442	93	471	1
# jump
13005	343	442	367	471	1
13105	44	442	68	471	1
# sit
13006	371	442	394	471	1
13106	11	442	34	471	1
# whipping
13301	209	442	233	471	1
13302	235	442	259	471	1
13303	347	482	371	511	1
13304	137	442	170	471	1
13305	382	482	406	511	1
13401	176	442	206	471	1
13402	138	442	170	471	1
13403	348	482	371	511	1
13404	235	442	259	471	1
13405	380	482	406	511	1
# last walk
14001	214	481	231	512	1
14101	174	481	191	512	1
# kick
14002	246	481	269	512	1
14102	136	481	159	512	1
# run 
15001	210	522	235	551	1
15002	250	522	275	551	1
15003	290	522	315	551	1
15101	170	522	196	551	1
15102	130	522	155	551	1
15103	90	522	115	551	1
# pick
15004	321	522	343	551	1
15005	350	522	373	551	1
15006	380	522	404	551	1
15104	62	522	84	551	1
15105	32	522	55	551	1
15106	1	522	26	551	1
# fall 
17001	210	602	234	630	1
17101	171	602	195	630	1
# fall whip
17002	251	602	274	631	1
17102	131	602	154	631	1
# fall fly
17003	290	602	315	631	1
17103	90	602	115	631	1
# run fly
17004	330	602	356	630	1
17104	50	602	75	630	1
# fly
17005	370	602	395	630	1
17105	10	602	35	630	1


# ==== MARIO FIRE ====
# idle right
19001	215	682	229	710	1
19101	176	682	190	710	1
# walk
19002	255	682	271	710	1
19003	294	682	311	710	1
19102	134	682	151	710	1
19103	94	682	111	710	1
# jump
19004	334	682	351	710	1
19104	54	682	72	710	1
# sit
19005	375	682	390	710	1
19105	15	682	30	710	1
# last walk
20001	214	722	231	751	1
20101	174	722	191	751	1	
# kick
20002	251	722	273	751	1
20102	132	722	154	751	1
# run
21001	212	762	232	790	1
21002	252	762	272	790	1
21003	292	762	312	790	1
21101	173	762	193	790	1
21102	133	762	153	790	1
21103	93	762	113	790	1
# pick
21004	330	762	345	790	1
21005	355	762	371	790	1
21006	379	762	396	790	1
21104	60	762	75	790	1
21105	34	762	50	790	1
21106	9	762	26	790	1
# run fly
22003	332	802	352	830	1
22103	53	802	73	830	1
# stand fire
22004	365	802	380	830	1
22005	385	802	400	830	1	
22104	25	802	40	830	1
22105	5	802	20	830	1
# jump fire
22001	252	802	272	830	1
22002	293	802	312	830	1
22101	133	802	153	830	1
22102	93	802	112	830	1

# ==== FIRE ====
# right
10	52	10	60	20	2
11	60	10	70	20	2
12	70	10	78	20	2
13	78	10	88	20	2
# left
14	83	1	88	11	2
15	70	0	80	10	2
16	62	0	70	10	2
17	52	0	62	10	2
# gone
20	89	0	106	17	2
21	107	2	120	15	2
22	123	2	136	15	2
23	139	2	151	15	2
# hit
24	154	0	171	17	2
25	171	0	188	17	2
26	154	17	171	35	2
27	171	17	188	35	2
# star
30	154	0	171	17	2
31	171	0	188	17	2
32	154	17	171	34	2
33	171	17	188	34	2
# ==== BRICK ====
# brick Land
50000	1003	17	1020	34	6
# brick cloud
50001	697	0	714	17	6
# brick question
50010	1139	0	1156	17	6
50011	1156	0	1173	17	6
50012	1173	0	1190	17	6
50013	1190	0	1207	17	6
#brick question after hit
50014	1207	0	1224	17	6
#brick breakable
50020	1037	0	1054	17	6
50021	1054	0	1071	17	6
50022	1071	0	1088	17	6
50023	1088	0	1105	17	6
# after break
50031	195	4	204	14	2
50032	206	4	215	14	2
# Button
50100	1173	68	1190	85	6
50101	1190	68	1207	85	6
50102	1207	68	1224	85	6
# btn hitted
50103	1224	68	1241	85	6


# ==== ITEM ======
# coin
51100	952	68	968	85	6
51101	968	68	986	85	6
51102	986	68	1003	85	6
51103	1003	68	1020	85	6
51104	1020	68	1037	85	6
# leaf
52000	84	171	100	186	2
52100	125	171	142	186	2
# red-mushroom
53000	104	154	121	171	2
# green
53100	104	171	121	188	2


# HUB
# hub main
90000	3	225	156	254	2
# item empty
90001	116	259	141	288	2
# mushroom
90002	41	259	66	288	2
# flower
90003	66	259	91	288	2
# start
90004	91	259	116	288	2
# arrow
91001	11	260	20	268	2
# p
91002	20	260	36	268	2
# mario
92001	16	270	33	278	2
# L 
92002	16	278	33	286	2


# === Goomba ====
# +++ Goomba +++
# walk
60000	0	0	17	17	2
60001	17	0	34	17	2
# die
60002	34	0	51	17	2
#die flip
60003	89	17	106	34	2

# +++ para Goomba +++ 
# walk
61000	0	17	16	34	2
61001	17	17	34	34	2
# jump
61101	222	38	243	62	2
61102	248	38	269	62	2
# die
61002	32	17	48	34	2
# die flip
61003	106	17	123	34	2

# === Koomba ===
# +++ para-Koomba +++
# walk right
62001	34	34	51	62	2
62002	51	34	68	62	2
# walk left
62101	17	34	34	62	2
62102	0	34	17	62	2
# die
62300	0	62	17	79	2
62301	17	62	34	79	2
62302	34	62	51	79	2
62303	51	62	68	79	2
# flip
62304	0	79	17	96	2
62305	17	79	34	96	2
62306	34	79	51	96	2
62307	51	79	68	96	2
#respaw
62308	68	62	85	79	2
62309	68	79	85	96	2

# +++ tropa Koomba +++
# walk right
63001	102	34	119	62	2
63002	119	34	136	62	2
# walk left
63101	85	34	102	62	2
63102	68	34	85	62	2
# fly jump right
63201	195	34	213	62	2
63202	176	34	194	62	2
# fly jump left
63211	137	34	155	62	2
63212	156	34	174	62	2
# die
63300	85	62	102	79	2
63301	102	62	119	79	2
63302	119	62	136	79	2
63303	136	62	153	79	2
# flip
63304	85	79	102	96	2
63305	102	79	119	96	2
63306	119	79	136	96	2
63307	136	79	153	96	2
# respaw
63308	153	62	170	79	2
63309	153	79	170	96	2

# === NIPPER PLANT ===
# come up
64001	0	100	17	133	2
64002	17	100	34	133	2

# right up
64101	136	100	153	133	2
64102	153	100	170	133	2
# right down
64201	68	100	85	133	2
64202	85	100	102	133	2
# left up
64301	119	100	136	133	2
64302	102	100	119	133	2
# left down
64401	51	100	68	133	2
64402	34	100	51	133	2

# === PIRANHA PLANT ===
# right up
65101	272	100	289	133	2
65102	289	100	306	133	2
# right down
65103	204	100	221	133	2
65104	221	100	238	133	2
# left up
65201	255	100	272	133	2
65202	238	100	255	133	2
# left down
65203	187	100	204	133	2
65204	170	100	187	133	2
# Drain 32
54000	5	154	37	186	2
# drain 48
54001	41	154	73	202	2


#	ani_id	sprite1_id	time1	sprite2_id	time2	...
[ANIMATIONS]
# ==== MARIO ====
# SMALL MARIO
# idle
101	401	100
102	411	100
103	101	100	201	100
# walk
201	401	100	402	100
202	411	100	412	100
# walk fast
203	401	70	402	70
204	411	70	412	70
# run
205	601	10	602	10
206	611	10	612	10
# kick
207	502	100
208	512	100
# fall
300	403	100
301	413	100
# jump
302	403	100
303	413	100
# last walk
306	501	100
307	511	100
#fly
308	701	100
309	711	100
# stand pick
501	603	50
502	613	50
# walk pick
503	603	50	604	50
504	613	50	614	50
# be big
# right
505	401	50	801	50	401	70	801	70	401	100	801	100
506	411	50	811	50	411	70	811	70	411	100	811	100
599	705	100
# ==== BIG MARIO ====
111	801	100
112	811	100
113	102	100	202	100
# walk
211	801	100	802	100	803	100	802	100
212	811	100	812	100	813	100	812	100
# walk fast
213	801	70	802	70	803	70	802	70
214	811	70	812	70	813	70	812	70
# run
215	10001	70	10002	70	10003	70
216	10101	70	10102	70	10103	70
# kick
217	902	100
218	912	100
# fall
310	803	100
311	813	100
# jump
312	804	100
313	814	100
# sit
314	805	100
315	815	100
# last walk
316	901	100
317	911	100
# fly
318	11003	100
319	11103	100
#pick
511	10004	50
512	10104	50
513	10004	50	10005	50	10006	50
514	10104	50	10105	50	10106	50
515	801	50	11901	70	801	70	11901	100	801	100	11901	50
516	811	50	11902	70	811	70	11902	100	811	100	11902	50

# ==== RACCOON MARIO =====
# idle
121	13001	100
122	13101	100
123	103	100	203	100
# walk
221	13001	100	13003	100	13004	100	13003	100
222	13101	100	13103	100	13104	100	13103	100
# walk fast
223	13001	70	13003	70	13004	70	13003	70
224	13101	70	13103	70	13104	70	13103	70
# run
225	15001	70	15002	70	15003	70
226	15101	70	15102	70	15103	70
# kick
227	14002	100
228	14102	100
# fall
320	17001	100
321	17101	100
# jump
322	13005	100
323	13105	100
# sit
324	13006	100
325	13106	100
# last walk
326	14001	100
327	14101	100
#fly jump
328	17003	100
329	17103	100
# whipping
421	13301	80	13302	80	13303	80	13304	80	13305	80	13302	80
422	13401	80	13402	80	13403	80	13404	80	13405	80	13402	80
# fly fall
423	17004	100
424	17104	100
# fly push
425	17005	100
426	17105	100
#fly whip
427	17002	100
428	17102	100
# pick
521	15004	50
522	15104	50
523	15004	50	15005	50	15006	50
524	15104	50	15105	50	15106	50

# === FIRE MARIO =====
# idle
131	19001	100
132	19101	100
133	101	100	201	100
# walk
231	19001	100	19002	100	19003	100	19002	100
232	19101	100	19102	100	19103	100	19102	100
# walk fast
233	19001	70	19002	70	19003	70	19002	70
234	19101	70	19102	70	19103	70	19102	70
# run
235	21001	70	21002	70	21003	70
236	21101	70	21102	70	21103	70
# kick
237	20002	100
238	20102	100
# fall
330	19003	100
331	19103	100
# jump
332	19004	100
333	19104	100
# sit
334	19005	100
335	19105	100
# last walk
336	20001	100
337	20101	100
# fly
338	22003	100
339	22103	100
# stand fire
431	22004	100	22005	100
432	22104	100	22105	100
# jump fire
433	22003	70	22002	70	22001	70
434	22103	70	22102	70	22101	70
# pick
531	21004	50
532	21104	50
533	21004	50	21005	50	21006	50
534	21104	50	21105	50	21106	50
# === fire ==
537	10	100	11	100	12	100	13	100
538	14	100	15	100	16	100	17	100


# ==== BRICK ==== 
# nor 
804	50000	100
# question
805	50010	100	50011	100	50012	100	50013	100
806	50014	100
# breakale
807	50020	100	50021	100	50022	100	50023	100

# cloud
808	50001	100
# btn
809	50100	100	50101	100	50102	100
# hitted
819	50103	100
#	Coin
801	51100	100	51101	100	51102	100	51103	100	51104	100
811	51100	100
#	leaf
803	52000	10
813	52100	10

# mushroom
# red
802	53000	100
#green
812	53100	100


# == Effect ==
# break
817	50031	100	50032	100
# bigbang
539	20	40	21	40	22	40	23	40
# star
818	30	40	31	40	32	40	33	40

# ==== GOOMBA ====
# ++ goomba ++
901	60000	100	60001	100
902	60002	100
903	60003	100
# ++ para goomba ++
911	61000	100	61001	100
912	61002	100
913	61003	100
# jump
914	61101	500	61102	500

# ==== KOOMBA ===
# ++ PARA-Koomba ++
# walking
10001	62001	100	62002	100
10101	62101	100	62102	100
# die
10200	62300	100
10201	62304	100
10202	62300	100	62301	100	62302	100	62303	100
10203	62304	100	62305	100	62306	100	62307	100
# respaw
10300	62300	50	62308	50	62300	50	62308	50
10301	62304	50	62309	50	62304	50	62309	50
# ++TROPA KOOMBA++
# walking
11001	63001	100	63002	100
11002	63101	100	63102	100
# Jumping
11101	63201	100	63202	100
11102	63211	100	63212	100
# die
11200	63300	100
11201	63304	100
11202	63300	100	63301	100	63302	100	63303	100
11203	63304	100	63305	100	63306	100	63307	100
# respaw
11300	63300	50	63308	50	63300	50	63308	50
11301	63304	50	63309	50	63304	50	63309	50

# === NIPPER PLANT ===
# up 
12000	64001	100	64002	100
# right up
12101	64101	100	64102	100
# right down
12102	64201	100	64202	100
# left up 
12201	64301	100	64302	100
# left right
12202	64401	100	64402	100

# === PIRANHA PLANT ===
# right up
13101	65101	500	65102	500
# right down
13102	65103	500	65104	500
# left up
13201	65201	500	65202	500
# left right
13202	65203	500	65204	500
# drain
601	54000	100
602	54001	100
#HUB
90000	90000	100
90001	90001	100
90002	90002	100
90003	90003	100
90004	90004	100
91001	91001	100
91002	91002	100
92001	92001	100
92002	92002	100

#
# TYPE_ANI	TYPE	ani1	STATE	ani2	STATE	ani3	STATE ...
[ANIMATION_SETS]
# === MARIO ===
0	1	101	1	102	2	201	4	202	5	203	6	204	7	205	9	206	10	300	17	301	18	302	12	303	13	306	25	307	26	308	28	309	29	308	31	309	32	207	47	208	48	501	53	502	54	503	50	504	51	505	55	505	56	599	52	103	59
0	2	111	1	112	2	211	4	212	5	213	6	214	7	215	9	216	10	310	17	311	18	312	12	313	13	314	20	315	21	316	25	317	26	318	28	319	29	318	31	319	32	217	47	218	48	511	53	512	54	513	50	514	51	515	57	516	58	113	59
0	3	121	1	122	2	221	4	222	5	223	6	224	7	225	9	226	10	320	17	321	18	322	12	323	13	324	20	325	21	326	25	327	26	328	28	329	29	421	23	422	24	423	31	424	32	425	34	426	35	427	37	428	38	227	47	228	48	521	53	522	54	523	50	524	51	123	59
0	4	131	1	132	2	231	4	232	5	233	6	234	7	235	9	236	10	330	17	331	18	332	12	333	13	334	20	335	21	336	25	337	26	338	28	339	29	338	31	339	32	431	41	432	42	433	44	434	45	237	47	238	48	531	53	532	54	533	50	534	51	133	59

# === BLOCK ===
# nor 
4	14	804	0
# question
4	12	805	0	806	1
# breakable
4	13	807	0	806	1
# cloud
4	15	808	0
# btn
4	30	809	0	819	1
# === ITEM ===
# leaf
3	29	803	2	813	3
# coin
3	26	801	0	811	1
# mushRoom
3	27	802	0
3	28	812	0


# == weapon ===
2	8	537	2	538	3	539	4
# === GOOMBA ===
1	20	901	5	901	6	902	7	903	8
1	21	911	5	911	6	912	7	913	8	914	9	914	10
# === KOOMBA ===
1	17	10001	5	10101	6	10200	7	10201	8	10202	11	10203	12	10300	13	10301	14
1	18	11001	5	11002	6	11200	7	11201	8	11202	11	11203	12	11300	13	11301	14	11101	9	11102	10
# === PLANT ===
1	23	13101	16	13102	17	13201	18	13202	19	539	7	539	8
1	24	12101	16	12102	17	12201	18	12202	19	539	7	539	8
1	22	12000	15	539	7	539	8

[MAPS]
1	resource\data\World1\world1_map.txt	16	0

[OBJECTS]
# tag	x	y	type	extra_settings per object type
# MARIO
0	16	32	36
# GROUND
4	0	0	11	46	14
#4	0	48	11	48	96
#4	0	48	11	96	1
#4	64	16	11	48	48
#4	64	80	11	64	16
#4	64	80	11	16	48
#4	64	112	11	48	16
#4	192	0	11	32	144
#4	128	16	11	48	16
#4	128	48	11	96	48
#4	128	112	11	96	48
#4	0	144	11	224	16

5	48	0	34	1	16	16

[SETTINGS]
cam	0	0	0	0