13101 121 -1
13201 122 -1
13101 13103 13104 13103 221 -1
13201 13203 13204 13203 222 -1
18101 320 -1
18201 321 -1
13105 323 -1
13205 324 -1
13106 325 -1
13206 326 -1
13301 13302 13303 13304 13305 13302 421 -80
13401 13402 13403 13404 13405 13402 422 -80
14101 423 -1
14201 424 -1
20001 801 -1
30001 30002 701 -1
30003 702 -1
401 101 -1
411 102 -1
401 402 201 -1
411 412 202 -1
403 300 -1
413 301 -1
403 302 -1
413 303 -1
501 403 -1
511 404 -1
801 111 -1
811 112 -1
801 802 211 -1
811 812 212 -1
803 310 -1
813 311 -1
804 312 -1
814 313 -1
805 314 -1
815 315 -1
901 413 -1
911 414 -1