401 216 88 229 105 1
402 255 88 271 105 1
403 334 88 351 105 1
411 176 88 189 105 1
412 134 88 150 105 1
413 54 88 71 105 1
501 215 128 230 145 1
511 175 128 190 145 1
601 214 168 231 185 1
602 254 168 271 185 1
603 335 168 350 185 1
604 375 168 391 185 1
611 174 168 191 185 1
612 134 168 151 185 1
613 55 168 70 185 1
614 14 168 30 185 1
701 214 208 231 225 1
705 374 208 391 225 1
711 174 208 191 225 1
715 14 208 31 225 1
801 215 242 229 270 1
802 254 242 271 270 1
803 294 243 311 270 1
804 334 243 351 270 1
805 375 243 391 270 1
811 175 242 190 270 1
812 134 242 151 270 1
813 94 243 111 270 1
814 55 243 71 270 1
815 15 243 30 270 1
901 214 282 231 311 1
902 251 282 274 311 1
911 174 282 191 311 1
912 132 282 152 311 1
10001 212 322 232 350 1
10002 252 322 272 350 1
10003 292 322 312 350 1
10004 330 322 345 350 1
10005 355 322 371 350 1
10006 380 322 396 350 1
10101 173 322 193 350 1
10102 133 322 153 350 1
10103 93 322 113 350 1
10104 60 322 75 350 1
10105 34 322 50 350 1
10106 9 322 25 350 1
11003 332 363 352 390 1
11103 53 363 73 390 1
13001 211 442 233 471 1
13003 285 442 308 471 1
13004 313 442 337 471 1
13005 343 442 367 471 1
13006 371 442 394 471 1
13101 184 442 206 471 1
13103 101 442 124 471 1
13104 69 442 93 471 1
13105 44 442 68 471 1
13106 11 442 34 471 1
13301 209 442 233 471 1
13302 235 442 259 471 1
13303 347 482 371 511 1
13304 137 442 170 471 1
13305 382 482 406 511 1
13401 176 442 206 471 1
13402 138 442 170 471 1
13403 348 482 371 511 1
13404 235 442 259 471 1
13405 380 482 406 511 1
14001 214 481 231 512 1
14002 246 481 269 512 1
14101 174 481 191 512 1
14102 136 481 159 512 1
15001 210 522 235 551 1
15002 250 522 275 551 1
15003 290 522 315 551 1
15004 321 522 343 551 1
15005 350 522 373 551 1
15006 380 522 404 551 1
15101 170 522 196 551 1
15102 130 522 155 551 1
15103 90 522 115 551 1
15104 62 522 84 551 1
15105 32 522 55 551 1
15106 1 522 26 551 1
17001 210 602 234 630 1
17002 251 602 274 631 1
17003 290 602 315 631 1
17004 330 602 356 630 1
17005 370 602 395 630 1
17101 171 602 195 630 1
17102 131 602 154 631 1
17103 90 602 115 631 1
17104 50 602 75 630 1
17105 10 602 35 630 1
23001 21 83 38 100 33
23002 141 83 158 100 33
23003 81 83 98 100 33
23004 121 83 138 100 33
23101 41 83 58 100 33
23102 161 83 178 100 33
23103 61 83 78 100 33
23104 101 83 118 100 33
20001 408 225 424 241 22
30001 5 14 21 29 11
30002 25 14 41 29 11
30003 45 21 61 29 11